 prb_c
schedule: STATIC,100
      0.5501
      1.1720
      0.8750
      0.6929
      0.5923
      0.4668
      0.5189
      0.4339
      0.3949
      0.3686
      0.3165
      0.2998
      0.2843
      0.2831
      0.2750
      0.2329
schedule: dynamic,100
      0.5495
      1.6833
      1.2744
      1.0296
      0.8932
      0.7494
      0.6808
      0.6244
      0.5783
      0.5442
      0.5062
      0.4914
      0.4649
      0.4475
      0.4273
      0.4275
 prb_c
schedule: STATIC
      0.5492
      0.2696
      0.1924
      0.1449
      0.1196
      0.1391
      0.0923
      0.0796
      0.0770
      0.0926
      0.0838
      0.0839
      0.0757
      0.0704
      0.0689
      0.0611
schedule: dynamic,100000
      0.5513
      0.4329
      0.2909
      0.2497
      0.2008
      0.1715
      0.1454
      0.1398
      0.1303
      0.1171
      0.1200
      0.1073
      0.1062
      0.1039
      0.0994
      0.0952
