 prb_a
schedule: STATIC,100
      0.7913
      1.6814
      1.1928
      0.9845
      0.8247
      0.6838
      0.6745
      0.5899
schedule: dynamic,100
      0.7656
      2.2932
      1.5829
      1.3777
      1.1493
      1.0297
      0.8460
      0.7995
 prb_a
schedule: STATIC
      0.7690
      0.5616
      0.3562
      0.3007
      0.2423
      0.2073
      0.2006
      0.2106
schedule: dynamic,100000
      0.7695
      0.5880
      0.3829
      0.3150
      0.2810
      0.2400
      0.2226
      0.2298
