 prb_c
schedule: STATIC,100
      0.7936
      1.6198
      1.1614
      0.8794
      0.7882
      0.6747
      0.6176
      0.5255
      0.4989
      0.4487
      0.4109
      0.3988
      0.4013
      0.3721
      0.3694
      0.3272
schedule: dynamic,100
      0.7637
      2.3205
      1.5559
      1.3946
      1.1479
      0.9764
      0.8594
      0.7793
      0.7488
      0.7120
      0.6663
      0.6366
      0.6133
      0.6011
      0.5842
      0.5624
 prb_c
schedule: STATIC
      0.7654
      0.3765
      0.2699
      0.2060
      0.1673
      0.1411
      0.1681
      0.1311
      0.1239
      0.1353
      0.1446
      0.1035
      0.1191
      0.1058
      0.1051
      0.1000
schedule: dynamic,100000
      0.7633
      0.5884
      0.3967
      0.3148
      0.2573
      0.2425
      0.2114
      0.2037
      0.1879
      0.1804
      0.1718
      0.1638
      0.1625
      0.1548
      0.1536
      0.1458
