 prb_b
schedule: STATIC,100
      0.7668
      1.6196
      1.1423
      0.9420
      0.7438
      0.6371
      0.6126
      0.5340
schedule: dynamic,100
      0.7693
      2.3206
      1.5625
      1.3908
      1.1354
      0.9793
      0.8543
      0.7931
 prb_b
schedule: STATIC
      0.7659
      0.3722
      0.2675
      0.2018
      0.1683
      0.1522
      0.1609
      0.1672
schedule: dynamic,100000
      0.7637
      0.5880
      0.3931
      0.3069
      0.2598
      0.2340
      0.2129
      0.2056
