 prb_a
schedule: STATIC,100
      0.7707
      1.6463
      1.1882
      0.8837
      0.7564
      0.6691
      0.6389
      0.5765
schedule: dynamic,100
      0.7695
      2.3326
      1.5369
      1.4161
      1.1303
      0.9693
      0.8602
      0.8066
 prb_a
schedule: STATIC
      0.7701
      0.3744
      0.2700
      0.2018
      0.1678
      0.1411
      0.1723
      0.1564
schedule: dynamic,100000
      0.7665
      0.5917
      0.3939
      0.3337
      0.2632
      0.2335
      0.2126
      0.2113
